2.300000000000000000e+01
1.300000000000000000e+01
9.700000000000000000e+01
5.200000000000000000e+01
9.000000000000000000e+00
4.300000000000000000e+01
1.130000000000000000e+02
2.160000000000000000e+02
2.570000000000000000e+02
3.140000000000000000e+02
4.560000000000000000e+02
2.130000000000000000e+02
1.170000000000000000e+02
1.040000000000000000e+02
8.400000000000000000e+01
7.200000000000000000e+01
6.500000000000000000e+01
5.200000000000000000e+01
4.700000000000000000e+01
3.600000000000000000e+01
7.000000000000000000e+00
1.100000000000000000e+01
3.500000000000000000e+01
6.770000000000000000e+02
5.320000000000000000e+02
5.000000000000000000e+00
3.000000000000000000e+00
6.800000000000000000e+01
9.000000000000000000e+01
5.000000000000000000e+02
1.770000000000000000e+03
1.134000000000000000e+03
2.812000000000000000e+03
2.022000000000000000e+03
2.853000000000000000e+03
1.183000000000000000e+03
1.163000000000000000e+03
2.044000000000000000e+03
1.741000000000000000e+03
2.850000000000000000e+03
1.687000000000000000e+03
2.430000000000000000e+03
1.079000000000000000e+03
2.806000000000000000e+03
1.619000000000000000e+03
1.956000000000000000e+03
2.343000000000000000e+03
7.990000000000000000e+02
1.154000000000000000e+03
2.850000000000000000e+03
1.307000000000000000e+03
8.300000000000000000e+02
1.116000000000000000e+03
6.170000000000000000e+02
1.664000000000000000e+03
1.947000000000000000e+03
6.220000000000000000e+02
1.988000000000000000e+03
1.470000000000000000e+03
2.459000000000000000e+03
2.471000000000000000e+03
1.020000000000000000e+03
6.200000000000000000e+02
1.622000000000000000e+03
2.774000000000000000e+03
7.830000000000000000e+02
1.773000000000000000e+03
1.404000000000000000e+03
1.119000000000000000e+03
1.275000000000000000e+03
